#2018/09/13/ Thu 12:27:01
#temp_root_macro.cc Result
I_vari1 = 0
D_vari1 = 0.000000
I_array1[0] = 0
I_array1[1] = 0
I_array1[2] = 0
I_array1[3] = 0
I_array1[4] = 0
I_array1[5] = 0
I_array1[6] = 0
I_array1[7] = 0
I_array1[8] = 0
I_array1[9] = 0
D_array1[10] = {0.000000 0.000000 0.000000 0.000000 0.000000 0.000000 0.000000 0.000000 0.000000 0.000000 }
#End of File